1622
1619
1780
1623
1621
1624
1618
1617
1620
1414
1405
1612
1779
1773
1778
1415
1604
1603
1606
1616
1613
1614
1615
1611
1771
1775
1610
1602
1772
1413
1412
1404
1774
1605
1601
1609
1588
1592
1585
1596
1595
1770
1599
1600
1762
1763
1409
1410
1591
1581
1587
1411
1769
1583
1768
1582
1584
1579
1767
1593
1594
1403
1590
1586
1589
1580
1406
1407
1408
1761
1760
1597
1766
1598
1764
1765
1757
1754
1398
1568
1570
1572
1567
1566
1571
1569
1565
1577
1396
1573
1397
1751
1750
1759
1758
1574
1578
1575
1755
1753
1752
1576
1387
1541
1539
1748
1549
1543
1385
1556
1555
1547
1386
1747
1548
1559
1749
1524
1756
1542
1540
1523
1530
1384
1383
1558
1742
1735
1739
1740
1736
1522
1531
1552
1545
1729
1564
1527
1563
1554
1534
1521
1538
1535
1528
1550
1546
1378
1553
1733
1734
1519
1557
1525
1529
1520
1551
1533
1544
1537
1526
1728
1730
1518
1532
1536
1731
1562
1512
1561
1727
1511
1507
1498
1505
1499
1506
1712
1491
1485
1492
1705
1709
